3
ID:100	Grade:67.000000
ID:200	Grade:56.000000
ID:400	Grade:96.000000
